num_rotors: 4

position: [[-0.1907,  0.205, -0.0762],
           [ 0.1926,  0.230, -0.0762],
           [-0.1907, -0.205, -0.0762],
           [ 0.1926, -0.230, -0.0762]]

orientation: [[ 0.02553726,  0.02375588, -0.99939157],
              [-0.02674078,  0.0223925,  -0.99939157],
              [ 0.02553726, -0.02375588, -0.99939157],
              [-0.02674078, -0.0223925,  -0.99939157]]

direction: [1, -1, -1, 1]

linear_drag: 1
angular_drag: 0.3
ground_effect_a: -55.3516
ground_effect_b: 181.8265
ground_effect_c: -203.9874
ground_effect_d: 85.3735
ground_effect_e: -7.6619
max_thrust: 14.961
F1: 1.5e-5
F2: -0.024451
F3: 9.00225
T1: -2.22e-7
T2: 3.51e-4
T3: -0.12531
tau_down: 0.1644
tau_up: 0.2164